KTS	S	FD	KD	LT
6	50	0	5	5
6	27	0	5	5
6	11	0	5	5
6	47	0	5	5
6	4	0	5	5
7	19	0	6	6
7	35	0	6	6
7	34	0	6	6
8	5	0	7	7
8	43	0	7	7
8	7	0	7	7
8	30	0	7	7
9	39	0	8	8
9	32	0	8	8
9	28	0	8	8
9	33	0	8	8
9	41	0	8	8
9	29	0	8	8
10	1	0	9	9
10	38	0	9	9
11	22	0	10	10
12	46	0	11	11
12	37	0	11	11
12	2	0	11	11
13	8	0	12	12
13	6	0	12	12
13	45	0	12	12
13	31	0	12	12
13	17	0	12	12
14	40	0	13	13
14	15	0	13	13
14	12	0	13	13
15	36	0	14	14
15	18	0	14	14
15	20	0	14	14
16	44	0	15	15
16	14	0	15	15
18	48	0	17	17
18	26	0	17	17
19	10	0	18	18
19	23	0	18	18
19	21	0	18	18
20	13	0	19	19
20	49	0	19	19
21	25	0	20	20
21	9	0	20	20
24	42	0	23	23
25	24	0	24	24
27	16	0	26	26
48	3	0	47	47
T1_Total_Damage	T2_Total_Damage	T3_Total_Damage	T4_Total_Damage
189.884644	67.217175	69.325682	64.736003	
R1_Unpaved_Dist	R2_Unpaved_Dist	R3_Unpaved_Dist	R4_Unpaved_Dist	
30		30		30		30		
Game is Win
Total Enemies = 50
Average First-Shot Delay = 0.000000
Average Kill Delay = 12.740000
