KTS	S	FD	KD	LT
25	3	0	24	24
26	2	0	25	25
26	13	0	23	23
26	23	0	21	21
27	31	0	19	19
28	7	0	26	26
29	25	0	23	23
30	19	0	25	25
30	43	15	3	18
31	21	0	26	26
31	36	0	21	21
32	9	0	30	30
32	44	15	5	20
33	61	0	16	16
33	59	0	18	18
33	52	17	2	19
34	15	0	31	31
34	30	0	26	26
34	51	16	4	20
35	32	0	26	26
35	17	0	31	31
35	42	0	23	23
36	49	0	23	23
36	54	18	4	22
36	57	19	2	21
37	4	0	36	36
38	66	0	19	19
38	71	0	16	16
39	12	0	36	36
39	53	17	8	25
40	8	0	38	38
40	82	10	3	13
41	56	18	8	26
43	73	0	19	19
43	78	11	6	17
43	69	12	9	21
44	26	0	38	38
44	76	11	8	19
44	58	19	10	29
45	34	0	36	36
45	39	0	34	34
45	77	11	9	20
46	75	10	11	21
46	45	16	18	34
47	63	0	29	29
47	10	0	44	44
49	14	0	46	46
50	91	0	18	18
52	5	0	51	51
53	92	0	21	21
54	24	0	48	48
T1_Total_Damage	T2_Total_Damage	T3_Total_Damage	T4_Total_Damage
957.000000	957.000000	957.000000	957.000000	
R1_Unpaved_Dist	R2_Unpaved_Dist	R3_Unpaved_Dist	R4_Unpaved_Dist	
2		2		2		2		
Game is Loss
Killed Enemies = 51
Active Enemies = 41
Inactive Enemies = 0
Average First-Shot Delay = 4.607843
Average Kill Delay = 21.490196
